
> print(fit, digits=3, probs = c(0.025, 0.5, 0.975))
Inference for Stan model: combined_tests.
12 chains, each with iter=2000; warmup=1000; thin=1; 
post-warmup draws per chain=1000, total post-warmup draws=12000.

                 mean se_mean     sd      2.5%       50%     97.5% n_eff  Rhat
p               0.086   0.000  0.010     0.068     0.086     0.106  7004 1.000
se_1            0.626   0.000  0.020     0.586     0.625     0.666 10027 1.000
se_2            0.635   0.001  0.048     0.546     0.633     0.734  7593 1.000
sp_1            0.942   0.000  0.004     0.934     0.942     0.950  7602 1.000
sp_2            0.910   0.000  0.006     0.898     0.910     0.921 10346 1.000
SE1[1]          0.626   0.000  0.020     0.586     0.625     0.666 10027 1.000
SE1[2]          0.374   0.000  0.020     0.334     0.375     0.414 10027 1.000
SE1[3]          0.626   0.000  0.020     0.586     0.625     0.666 10027 1.000
SE1[4]          0.374   0.000  0.020     0.334     0.375     0.414 10027 1.000
SE2[1]          0.635   0.001  0.048     0.546     0.633     0.734  7593 1.000
SE2[2]          0.635   0.001  0.048     0.546     0.633     0.734  7593 1.000
SE2[3]          0.365   0.001  0.048     0.266     0.367     0.454  7593 1.000
SE2[4]          0.365   0.001  0.048     0.266     0.367     0.454  7593 1.000
SP1[1]          0.058   0.000  0.004     0.050     0.058     0.066  7602 1.000
SP1[2]          0.942   0.000  0.004     0.934     0.942     0.950  7602 1.000
SP1[3]          0.058   0.000  0.004     0.050     0.058     0.066  7602 1.000
SP1[4]          0.942   0.000  0.004     0.934     0.942     0.950  7602 1.000
SP2[1]          0.090   0.000  0.006     0.079     0.090     0.102 10346 1.000
SP2[2]          0.090   0.000  0.006     0.079     0.090     0.102 10346 1.000
SP2[3]          0.910   0.000  0.006     0.898     0.910     0.921 10346 1.000
SP2[4]          0.910   0.000  0.006     0.898     0.910     0.921 10346 1.000
p_sample[1]     0.039   0.000  0.003     0.033     0.039     0.045 14403 1.000
p_sample[2]     0.098   0.000  0.004     0.090     0.098     0.107 13187 0.999
p_sample[3]     0.068   0.000  0.003     0.061     0.068     0.075 14780 1.000
p_sample[4]     0.795   0.000  0.006     0.783     0.795     0.807 15466 0.999
y_ppc[1]      161.760   0.154 17.568   129.000   161.000   197.000 13049 1.000
y_ppc[2]      408.522   0.239 26.609   358.000   408.000   461.000 12394 1.000
y_ppc[3]      282.204   0.185 21.426   241.000   282.000   325.000 13364 0.999
y_ppc[4]     3304.513   0.308 36.235  3233.000  3305.000  3374.000 13828 1.000
lp__        -2991.123   0.021  1.588 -2994.983 -2990.807 -2989.018  5664 1.001

Samples were drawn using NUTS(diag_e) at Thu Aug 27 01:02:07 2020.
For each parameter, n_eff is a crude measure of effective sample size,
and Rhat is the potential scale reduction factor on split chains (at 
convergence, Rhat=1).

> sink()
